{
    "RoboGod": {
        "count": 1,
        "mu": [
            0.006400640064006401,
            0.0023002300230023,
            0.0054005400540054005,
            0.9663966396639664,
            0.019301930193019304,
            0.00020002000200020003
        ],
        "cov": [
            [
                0.0,
                0.0,
                0.0,
                0.0,
                0.0,
                0.0
            ],
            [
                0.0,
                0.0,
                0.0,
                0.0,
                0.0,
                0.0
            ],
            [
                0.0,
                0.0,
                0.0,
                0.0,
                0.0,
                0.0
            ],
            [
                0.0,
                0.0,
                0.0,
                0.0,
                0.0,
                0.0
            ],
            [
                0.0,
                0.0,
                0.0,
                0.0,
                0.0,
                0.0
            ],
            [
                0.0,
                0.0,
                0.0,
                0.0,
                0.0,
                0.0
            ]
        ],
        "hist": [
            [
                0.006400640064006401,
                0.0023002300230023,
                0.0054005400540054005,
                0.9663966396639664,
                0.019301930193019304,
                0.00020002000200020003
            ]
        ],
        "coeffvar": [
            0.0,
            0.0,
            0.0,
            0.0,
            0.0,
            0.0
        ],
        "mu_10": [
            0.006400640064006401,
            0.0023002300230023,
            0.0054005400540054005,
            0.9663966396639664,
            0.019301930193019304,
            0.00020002000200020003
        ],
        "cov_10": [
            [
                0.0,
                0.0,
                0.0,
                0.0,
                0.0,
                0.0
            ],
            [
                0.0,
                0.0,
                0.0,
                0.0,
                0.0,
                0.0
            ],
            [
                0.0,
                0.0,
                0.0,
                0.0,
                0.0,
                0.0
            ],
            [
                0.0,
                0.0,
                0.0,
                0.0,
                0.0,
                0.0
            ],
            [
                0.0,
                0.0,
                0.0,
                0.0,
                0.0,
                0.0
            ],
            [
                0.0,
                0.0,
                0.0,
                0.0,
                0.0,
                0.0
            ]
        ],
        "coeffvar_10": [
            0.0,
            0.0,
            0.0,
            0.0,
            0.0,
            0.0
        ],
        "volatile": 0
    },
    "__GrOuP__": {
        "count": 0,
        "mu": [
            0.049340128012801285,
            0.3341400460046005,
            0.05394010801080109,
            0.3576093279327933,
            0.13699038603860386,
            0.06798000400040005
        ],
        "cov": null,
        "hist": null,
        "mu_10": [
            0.049340128012801285,
            0.3341400460046005,
            0.05394010801080109,
            0.3576093279327933,
            0.13699038603860386,
            0.06798000400040005
        ],
        "cov_10": null,
        "coeffvar_10": null,
        "coeffvar": null,
        "volatile": null
    },
    "god": {
        "count": 1,
        "mu": [
            0.06740000000000002,
            0.47630000000000006,
            0.07460000000000001,
            0.09790000000000001,
            0.18680000000000002,
            0.09700000000000002
        ],
        "cov": [
            [
                0.0,
                0.0,
                0.0,
                0.0,
                0.0,
                0.0
            ],
            [
                0.0,
                0.0,
                0.0,
                0.0,
                0.0,
                0.0
            ],
            [
                0.0,
                0.0,
                0.0,
                0.0,
                0.0,
                0.0
            ],
            [
                0.0,
                0.0,
                0.0,
                0.0,
                0.0,
                0.0
            ],
            [
                0.0,
                0.0,
                0.0,
                0.0,
                0.0,
                0.0
            ],
            [
                0.0,
                0.0,
                0.0,
                0.0,
                0.0,
                0.0
            ]
        ],
        "hist": [
            [
                0.06740000000000002,
                0.47630000000000006,
                0.07460000000000001,
                0.09790000000000001,
                0.18680000000000002,
                0.09700000000000002
            ]
        ],
        "coeffvar": [
            0.0,
            0.0,
            0.0,
            0.0,
            0.0,
            0.0
        ],
        "mu_10": [
            0.06740000000000002,
            0.47630000000000006,
            0.07460000000000001,
            0.09790000000000001,
            0.18680000000000002,
            0.09700000000000002
        ],
        "cov_10": [
            [
                0.0,
                0.0,
                0.0,
                0.0,
                0.0,
                0.0
            ],
            [
                0.0,
                0.0,
                0.0,
                0.0,
                0.0,
                0.0
            ],
            [
                0.0,
                0.0,
                0.0,
                0.0,
                0.0,
                0.0
            ],
            [
                0.0,
                0.0,
                0.0,
                0.0,
                0.0,
                0.0
            ],
            [
                0.0,
                0.0,
                0.0,
                0.0,
                0.0,
                0.0
            ],
            [
                0.0,
                0.0,
                0.0,
                0.0,
                0.0,
                0.0
            ]
        ],
        "coeffvar_10": [
            0.0,
            0.0,
            0.0,
            0.0,
            0.0,
            0.0
        ],
        "volatile": 0
    },
    "god3": {
        "count": 1,
        "mu": [
            0.06740000000000002,
            0.47630000000000006,
            0.07460000000000001,
            0.09790000000000001,
            0.18680000000000002,
            0.09700000000000002
        ],
        "cov": [
            [
                0.0,
                0.0,
                0.0,
                0.0,
                0.0,
                0.0
            ],
            [
                0.0,
                0.0,
                0.0,
                0.0,
                0.0,
                0.0
            ],
            [
                0.0,
                0.0,
                0.0,
                0.0,
                0.0,
                0.0
            ],
            [
                0.0,
                0.0,
                0.0,
                0.0,
                0.0,
                0.0
            ],
            [
                0.0,
                0.0,
                0.0,
                0.0,
                0.0,
                0.0
            ],
            [
                0.0,
                0.0,
                0.0,
                0.0,
                0.0,
                0.0
            ]
        ],
        "hist": [
            [
                0.06740000000000002,
                0.47630000000000006,
                0.07460000000000001,
                0.09790000000000001,
                0.18680000000000002,
                0.09700000000000002
            ]
        ],
        "coeffvar": [
            0.0,
            0.0,
            0.0,
            0.0,
            0.0,
            0.0
        ],
        "mu_10": [
            0.06740000000000002,
            0.47630000000000006,
            0.07460000000000001,
            0.09790000000000001,
            0.18680000000000002,
            0.09700000000000002
        ],
        "cov_10": [
            [
                0.0,
                0.0,
                0.0,
                0.0,
                0.0,
                0.0
            ],
            [
                0.0,
                0.0,
                0.0,
                0.0,
                0.0,
                0.0
            ],
            [
                0.0,
                0.0,
                0.0,
                0.0,
                0.0,
                0.0
            ],
            [
                0.0,
                0.0,
                0.0,
                0.0,
                0.0,
                0.0
            ],
            [
                0.0,
                0.0,
                0.0,
                0.0,
                0.0,
                0.0
            ],
            [
                0.0,
                0.0,
                0.0,
                0.0,
                0.0,
                0.0
            ]
        ],
        "coeffvar_10": [
            0.0,
            0.0,
            0.0,
            0.0,
            0.0,
            0.0
        ],
        "volatile": 0
    },
    "god4": {
        "count": 1,
        "mu": [
            0.06740000000000002,
            0.47630000000000006,
            0.07460000000000001,
            0.09790000000000001,
            0.18680000000000002,
            0.09700000000000002
        ],
        "cov": [
            [
                0.0,
                0.0,
                0.0,
                0.0,
                0.0,
                0.0
            ],
            [
                0.0,
                0.0,
                0.0,
                0.0,
                0.0,
                0.0
            ],
            [
                0.0,
                0.0,
                0.0,
                0.0,
                0.0,
                0.0
            ],
            [
                0.0,
                0.0,
                0.0,
                0.0,
                0.0,
                0.0
            ],
            [
                0.0,
                0.0,
                0.0,
                0.0,
                0.0,
                0.0
            ],
            [
                0.0,
                0.0,
                0.0,
                0.0,
                0.0,
                0.0
            ]
        ],
        "hist": [
            [
                0.06740000000000002,
                0.47630000000000006,
                0.07460000000000001,
                0.09790000000000001,
                0.18680000000000002,
                0.09700000000000002
            ]
        ],
        "coeffvar": [
            0.0,
            0.0,
            0.0,
            0.0,
            0.0,
            0.0
        ],
        "mu_10": [
            0.06740000000000002,
            0.47630000000000006,
            0.07460000000000001,
            0.09790000000000001,
            0.18680000000000002,
            0.09700000000000002
        ],
        "cov_10": [
            [
                0.0,
                0.0,
                0.0,
                0.0,
                0.0,
                0.0
            ],
            [
                0.0,
                0.0,
                0.0,
                0.0,
                0.0,
                0.0
            ],
            [
                0.0,
                0.0,
                0.0,
                0.0,
                0.0,
                0.0
            ],
            [
                0.0,
                0.0,
                0.0,
                0.0,
                0.0,
                0.0
            ],
            [
                0.0,
                0.0,
                0.0,
                0.0,
                0.0,
                0.0
            ],
            [
                0.0,
                0.0,
                0.0,
                0.0,
                0.0,
                0.0
            ]
        ],
        "coeffvar_10": [
            0.0,
            0.0,
            0.0,
            0.0,
            0.0,
            0.0
        ],
        "volatile": 0
    },
    "test": {
        "count": 2,
        "mu": [
            0.03810000000000001,
            0.23950000000000002,
            0.04050000000000001,
            0.52795,
            0.10525000000000001,
            0.04870000000000001
        ],
        "cov": [
            [
                0.0008584900000000004,
                0.006938240000000002,
                0.0009991300000000004,
                -0.012600465000000002,
                0.002389415000000001,
                0.0014151900000000006
            ],
            [
                0.006938240000000003,
                0.05607424000000001,
                0.008074880000000003,
                -0.10183584,
                0.019311040000000005,
                0.011437440000000004
            ],
            [
                0.0009991300000000004,
                0.008074880000000001,
                0.0011628100000000004,
                -0.014664705,
                0.002780855000000001,
                0.0016470300000000005
            ],
            [
                -0.012600465000000002,
                -0.10183584,
                -0.014664705000000002,
                0.18494300249999995,
                -0.035070577500000005,
                -0.020771415000000005
            ],
            [
                0.002389415000000001,
                0.019311040000000005,
                0.002780855000000001,
                -0.0350705775,
                0.006650402500000002,
                0.0039388650000000015
            ],
            [
                0.0014151900000000006,
                0.011437440000000004,
                0.0016470300000000005,
                -0.020771415,
                0.0039388650000000015,
                0.002332890000000001
            ]
        ],
        "hist": [
            [
                0.06740000000000002,
                0.47630000000000006,
                0.07460000000000001,
                0.09790000000000001,
                0.18680000000000002,
                0.09700000000000002
            ],
            [
                0.0088,
                0.0027,
                0.0064,
                0.958,
                0.0237,
                0.0004
            ]
        ],
        "coeffvar": [
            0.7690288713910761,
            0.9887265135699373,
            0.8419753086419752,
            0.814565773273984,
            0.7748218527315914,
            0.9917864476386038
        ],
        "mu_10": [
            0.03810000000000001,
            0.23950000000000002,
            0.04050000000000001,
            0.52795,
            0.10525000000000001,
            0.04870000000000001
        ],
        "cov_10": [
            [
                0.0017169800000000008,
                0.013876480000000005,
                0.001998260000000001,
                -0.025200930000000003,
                0.004778830000000002,
                0.0028303800000000013
            ],
            [
                0.013876480000000005,
                0.11214848000000002,
                0.016149760000000006,
                -0.20367168000000002,
                0.03862208000000001,
                0.022874880000000007
            ],
            [
                0.001998260000000001,
                0.016149760000000006,
                0.002325620000000001,
                -0.029329410000000004,
                0.005561710000000002,
                0.003294060000000001
            ],
            [
                -0.025200930000000003,
                -0.20367168000000002,
                -0.029329410000000004,
                0.36988600499999996,
                -0.07014115500000001,
                -0.04154283
            ],
            [
                0.004778830000000002,
                0.03862208000000001,
                0.005561710000000002,
                -0.07014115500000001,
                0.013300805000000004,
                0.007877730000000003
            ],
            [
                0.0028303800000000013,
                0.022874880000000007,
                0.003294060000000001,
                -0.04154283,
                0.007877730000000003,
                0.004665780000000002
            ]
        ],
        "coeffvar_10": [
            1.0875710597777346,
            1.3982704449684713,
            1.190732900664754,
            1.1519699640089962,
            1.0957635725560655,
            1.402597845228347
        ],
        "volatile": 0
    }
}
